n = 20
rmax = 1
Use time 0 seconds.
Eigenvalues: 
   9.8493e+00
   3.9155e+01
   8.7195e+01
   1.5279e+02
   2.3431e+02
   3.2977e+02
   4.3681e+02
   5.5279e+02
   6.7485e+02
   8.0000e+02
   9.2515e+02
   1.0472e+03
   1.1632e+03
   1.2702e+03
   1.3657e+03
   1.4472e+03
   1.5128e+03
   1.5608e+03
   1.5902e+03
Eigenvectors: 
   4.9469e-02  -9.7720e-02   1.4356e-01   1.8587e-01   2.2361e-01  -2.5583e-01  -2.8176e-01  -3.0075e-01   3.1233e-01   3.1623e-01   3.1233e-01   3.0075e-01   2.8176e-01   2.5583e-01   2.2361e-01   1.8587e-01   1.4356e-01  -9.7720e-02   4.9469e-02
   9.7720e-02  -1.8587e-01   2.5583e-01   3.0075e-01   3.1623e-01  -3.0075e-01  -2.5583e-01  -1.8587e-01   9.7720e-02   1.1993e-17  -9.7720e-02  -1.8587e-01  -2.5583e-01  -3.0075e-01  -3.1623e-01  -3.0075e-01  -2.5583e-01   1.8587e-01  -9.7720e-02
   1.4356e-01  -2.5583e-01   3.1233e-01   3.0075e-01   2.2361e-01  -9.7720e-02   4.9469e-02   1.8587e-01  -2.8176e-01  -3.1623e-01  -2.8176e-01  -1.8587e-01  -4.9469e-02   9.7720e-02   2.2361e-01   3.0075e-01   3.1233e-01  -2.5583e-01   1.4356e-01
   1.8587e-01  -3.0075e-01   3.0075e-01   1.8587e-01  -3.2649e-17   1.8587e-01   3.0075e-01   3.0075e-01  -1.8587e-01  -3.7044e-17   1.8587e-01   3.0075e-01   3.0075e-01   1.8587e-01   9.0048e-16  -1.8587e-01  -3.0075e-01   3.0075e-01  -1.8587e-01
   2.2361e-01  -3.1623e-01   2.2361e-01   1.7825e-17  -2.2361e-01   3.1623e-01   2.2361e-01   3.2275e-16   2.2361e-01   3.1623e-01   2.2361e-01   7.0247e-16  -2.2361e-01  -3.1623e-01  -2.2361e-01  -2.6021e-15   2.2361e-01  -3.1623e-01   2.2361e-01
   2.5583e-01  -3.0075e-01   9.7720e-02  -1.8587e-01  -3.1623e-01   1.8587e-01  -9.7720e-02  -3.0075e-01   2.5583e-01   6.6506e-17  -2.5583e-01  -3.0075e-01  -9.7720e-02   1.8587e-01   3.1623e-01   1.8587e-01  -9.7720e-02   3.0075e-01  -2.5583e-01
   2.8176e-01  -2.5583e-01  -4.9469e-02  -3.0075e-01  -2.2361e-01  -9.7720e-02  -3.1233e-01  -1.8587e-01  -1.4356e-01  -3.1623e-01  -1.4356e-01   1.8587e-01   3.1233e-01   9.7720e-02  -2.2361e-01  -3.0075e-01  -4.9469e-02  -2.5583e-01   2.8176e-01
   3.0075e-01  -1.8587e-01  -1.8587e-01  -3.0075e-01  -5.8370e-17  -3.0075e-01  -1.8587e-01   1.8587e-01  -3.0075e-01  -1.4097e-16   3.0075e-01   1.8587e-01  -1.8587e-01  -3.0075e-01  -2.1978e-15   3.0075e-01   1.8587e-01   1.8587e-01  -3.0075e-01
   3.1233e-01  -9.7720e-02  -2.8176e-01  -1.8587e-01   2.2361e-01  -2.5583e-01   1.4356e-01   3.0075e-01   4.9469e-02   3.1623e-01   4.9469e-02  -3.0075e-01  -1.4356e-01   2.5583e-01   2.2361e-01  -1.8587e-01  -2.8176e-01  -9.7720e-02   3.1233e-01
   3.1623e-01  -2.0352e-15  -3.1623e-01  -1.0582e-16   3.1623e-01  -7.0463e-17   3.1623e-01  -4.2734e-16   3.1623e-01  -2.5112e-16  -3.1623e-01  -3.7040e-16   3.1623e-01   1.2563e-16  -3.1623e-01  -7.9866e-16   3.1623e-01  -2.7478e-15  -3.1623e-01
   3.1233e-01   9.7720e-02  -2.8176e-01   1.8587e-01   2.2361e-01   2.5583e-01   1.4356e-01  -3.0075e-01   4.9469e-02  -3.1623e-01   4.9469e-02   3.0075e-01  -1.4356e-01  -2.5583e-01   2.2361e-01   1.8587e-01  -2.8176e-01   9.7720e-02   3.1233e-01
   3.0075e-01   1.8587e-01  -1.8587e-01   3.0075e-01  -1.2172e-16   3.0075e-01  -1.8587e-01  -1.8587e-01  -3.0075e-01   3.6513e-16   3.0075e-01  -1.8587e-01  -1.8587e-01   3.0075e-01   9.4865e-16  -3.0075e-01   1.8587e-01  -1.8587e-01  -3.0075e-01
   2.8176e-01   2.5583e-01  -4.9469e-02   3.0075e-01  -2.2361e-01   9.7720e-02  -3.1233e-01   1.8587e-01  -1.4356e-01   3.1623e-01  -1.4356e-01  -1.8587e-01   3.1233e-01  -9.7720e-02  -2.2361e-01   3.0075e-01  -4.9469e-02   2.5583e-01   2.8176e-01
   2.5583e-01   3.0075e-01   9.7720e-02   1.8587e-01  -3.1623e-01  -1.8587e-01  -9.7720e-02   3.0075e-01   2.5583e-01  -3.0411e-16  -2.5583e-01   3.0075e-01  -9.7720e-02  -1.8587e-01   3.1623e-01  -1.8587e-01  -9.7720e-02  -3.0075e-01  -2.5583e-01
   2.2361e-01   3.1623e-01   2.2361e-01   1.3395e-16  -2.2361e-01  -3.1623e-01   2.2361e-01  -4.9843e-16   2.2361e-01  -3.1623e-01   2.2361e-01   1.6047e-16  -2.2361e-01   3.1623e-01  -2.2361e-01  -9.5724e-16   2.2361e-01   3.1623e-01   2.2361e-01
   1.8587e-01   3.0075e-01   3.0075e-01  -1.8587e-01   9.3201e-17  -1.8587e-01   3.0075e-01  -3.0075e-01  -1.8587e-01   5.6993e-16   1.8587e-01  -3.0075e-01   3.0075e-01  -1.8587e-01  -1.4796e-16   1.8587e-01  -3.0075e-01  -3.0075e-01  -1.8587e-01
   1.4356e-01   2.5583e-01   3.1233e-01  -3.0075e-01   2.2361e-01   9.7720e-02   4.9469e-02  -1.8587e-01  -2.8176e-01   3.1623e-01  -2.8176e-01   1.8587e-01  -4.9469e-02  -9.7720e-02   2.2361e-01  -3.0075e-01   3.1233e-01   2.5583e-01   1.4356e-01
   9.7720e-02   1.8587e-01   2.5583e-01  -3.0075e-01   3.1623e-01   3.0075e-01  -2.5583e-01   1.8587e-01   9.7720e-02  -3.0225e-16  -9.7720e-02   1.8587e-01  -2.5583e-01   3.0075e-01  -3.1623e-01   3.0075e-01  -2.5583e-01  -1.8587e-01  -9.7720e-02
   4.9469e-02   9.7720e-02   1.4356e-01  -1.8587e-01   2.2361e-01   2.5583e-01  -2.8176e-01   3.0075e-01   3.1233e-01  -3.1623e-01   3.1233e-01  -3.0075e-01   2.8176e-01  -2.5583e-01   2.2361e-01  -1.8587e-01   1.4356e-01   9.7720e-02   4.9469e-02
