n = 40
rmax = 1
Use time 0 seconds.
Eigenvalues: 
   9.8645e+00
   3.9397e+01
   8.8416e+01
   1.5662e+02
   2.4359e+02
   3.4878e+02
   4.7155e+02
   6.1115e+02
   7.6670e+02
   9.3726e+02
   1.1218e+03
   1.3191e+03
   1.5280e+03
   1.7472e+03
   1.9754e+03
   2.2111e+03
   2.4530e+03
   2.6994e+03
   2.9489e+03
   3.2000e+03
   3.4511e+03
   3.7006e+03
   3.9470e+03
   4.1889e+03
   4.4246e+03
   4.6528e+03
   4.8720e+03
   5.0809e+03
   5.2782e+03
   5.4627e+03
   5.6333e+03
   5.7889e+03
   5.9284e+03
   6.0512e+03
   6.1564e+03
   6.2434e+03
   6.3116e+03
   6.3606e+03
   6.3901e+03
Eigenvectors: 
   1.7544e-02  -3.4980e-02  -5.2200e-02   6.9098e-02   8.5571e-02  -1.0152e-01  -1.1683e-01   1.3143e-01   1.4522e-01  -1.5811e-01  -1.7003e-01   1.8090e-01   1.9066e-01  -1.9924e-01  -2.0659e-01   2.1266e-01   2.1743e-01  -2.2085e-01  -2.2292e-01   2.2361e-01   2.2292e-01  -2.2085e-01  -2.1743e-01   2.1266e-01   2.0659e-01  -1.9924e-01  -1.9066e-01   1.8090e-01   1.7003e-01  -1.5811e-01  -1.4522e-01   1.3143e-01   1.1683e-01  -1.0152e-01  -8.5571e-02   6.9098e-02   5.2200e-02  -3.4980e-02  -1.7544e-02
   3.4980e-02  -6.9098e-02  -1.0152e-01   1.3143e-01   1.5811e-01  -1.8090e-01  -1.9924e-01   2.1266e-01   2.2085e-01  -2.2361e-01  -2.2085e-01   2.1266e-01   1.9924e-01  -1.8090e-01  -1.5811e-01   1.3143e-01   1.0152e-01  -6.9098e-02  -3.4980e-02  -3.7405e-18  -3.4980e-02   6.9098e-02   1.0152e-01  -1.3143e-01  -1.5811e-01   1.8090e-01   1.9924e-01  -2.1266e-01  -2.2085e-01   2.2361e-01   2.2085e-01  -2.1266e-01  -1.9924e-01   1.8090e-01   1.5811e-01  -1.3143e-01  -1.0152e-01   6.9098e-02   3.4980e-02
   5.2200e-02  -1.0152e-01  -1.4522e-01   1.8090e-01   2.0659e-01  -2.2085e-01  -2.2292e-01   2.1266e-01   1.9066e-01  -1.5811e-01  -1.1683e-01   6.9098e-02   1.7544e-02   3.4980e-02   8.5571e-02  -1.3143e-01  -1.7003e-01   1.9924e-01   2.1743e-01  -2.2361e-01  -2.1743e-01   1.9924e-01   1.7003e-01  -1.3143e-01  -8.5571e-02   3.4980e-02  -1.7544e-02   6.9098e-02   1.1683e-01  -1.5811e-01  -1.9066e-01   2.1266e-01   2.2292e-01  -2.2085e-01  -2.0659e-01   1.8090e-01   1.4522e-01  -1.0152e-01  -5.2200e-02
   6.9098e-02  -1.3143e-01  -1.8090e-01   2.1266e-01   2.2361e-01  -2.1266e-01  -1.8090e-01   1.3143e-01   6.9098e-02  -1.1953e-17   6.9098e-02  -1.3143e-01  -1.8090e-01   2.1266e-01   2.2361e-01  -2.1266e-01  -1.8090e-01   1.3143e-01   6.9098e-02   2.8406e-17   6.9098e-02  -1.3143e-01  -1.8090e-01   2.1266e-01   2.2361e-01  -2.1266e-01  -1.8090e-01   1.3143e-01   6.9098e-02  -4.2848e-16   6.9098e-02  -1.3143e-01  -1.8090e-01   2.1266e-01   2.2361e-01  -2.1266e-01  -1.8090e-01   1.3143e-01   6.9098e-02
   8.5571e-02  -1.5811e-01  -2.0659e-01   2.2361e-01   2.0659e-01  -1.5811e-01  -8.5571e-02  -4.9727e-16  -8.5571e-02   1.5811e-01   2.0659e-01  -2.2361e-01  -2.0659e-01   1.5811e-01   8.5571e-02  -1.0181e-16   8.5571e-02  -1.5811e-01  -2.0659e-01   2.2361e-01   2.0659e-01  -1.5811e-01  -8.5571e-02   8.3755e-16  -8.5571e-02   1.5811e-01   2.0659e-01  -2.2361e-01  -2.0659e-01   1.5811e-01   8.5571e-02   8.9729e-16   8.5571e-02  -1.5811e-01  -2.0659e-01   2.2361e-01   2.0659e-01  -1.5811e-01  -8.5571e-02
   1.0152e-01  -1.8090e-01  -2.2085e-01   2.1266e-01   1.5811e-01  -6.9098e-02   3.4980e-02  -1.3143e-01  -1.9924e-01   2.2361e-01   1.9924e-01  -1.3143e-01  -3.4980e-02  -6.9098e-02  -1.5811e-01   2.1266e-01   2.2085e-01  -1.8090e-01  -1.0152e-01   6.2992e-17  -1.0152e-01   1.8090e-01   2.2085e-01  -2.1266e-01  -1.5811e-01   6.9098e-02  -3.4980e-02   1.3143e-01   1.9924e-01  -2.2361e-01  -1.9924e-01   1.3143e-01   3.4980e-02   6.9098e-02   1.5811e-01  -2.1266e-01  -2.2085e-01   1.8090e-01   1.0152e-01
   1.1683e-01  -1.9924e-01  -2.2292e-01   1.8090e-01   8.5571e-02   3.4980e-02   1.4522e-01  -2.1266e-01  -2.1743e-01   1.5811e-01   5.2200e-02   6.9098e-02   1.7003e-01  -2.2085e-01  -2.0659e-01   1.3143e-01   1.7544e-02   1.0152e-01   1.9066e-01  -2.2361e-01  -1.9066e-01   1.0152e-01  -1.7544e-02   1.3143e-01   2.0659e-01  -2.2085e-01  -1.7003e-01   6.9098e-02  -5.2200e-02   1.5811e-01   2.1743e-01  -2.1266e-01  -1.4522e-01   3.4980e-02  -8.5571e-02   1.8090e-01   2.2292e-01  -1.9924e-01  -1.1683e-01
   1.3143e-01  -2.1266e-01  -2.1266e-01   1.3143e-01   5.3394e-16   1.3143e-01   2.1266e-01  -2.1266e-01  -1.3143e-01   8.9870e-16  -1.3143e-01   2.1266e-01   2.1266e-01  -1.3143e-01   6.4407e-16  -1.3143e-01  -2.1266e-01   2.1266e-01   1.3143e-01  -2.9100e-16   1.3143e-01  -2.1266e-01  -2.1266e-01   1.3143e-01   8.2833e-17   1.3143e-01   2.1266e-01  -2.1266e-01  -1.3143e-01   4.0289e-16  -1.3143e-01   2.1266e-01   2.1266e-01  -1.3143e-01  -1.6792e-15  -1.3143e-01  -2.1266e-01   2.1266e-01   1.3143e-01
   1.4522e-01  -2.2085e-01  -1.9066e-01   6.9098e-02  -8.5571e-02   1.9924e-01   2.1743e-01  -1.3143e-01   1.7544e-02  -1.5811e-01  -2.2292e-01   1.8090e-01   5.2200e-02   1.0152e-01   2.0659e-01  -2.1266e-01  -1.1683e-01  -3.4980e-02  -1.7003e-01   2.2361e-01   1.7003e-01  -3.4980e-02   1.1683e-01  -2.1266e-01  -2.0659e-01   1.0152e-01  -5.2200e-02   1.8090e-01   2.2292e-01  -1.5811e-01  -1.7544e-02  -1.3143e-01  -2.1743e-01   1.9924e-01   8.5571e-02   6.9098e-02   1.9066e-01  -2.2085e-01  -1.4522e-01
   1.5811e-01  -2.2361e-01  -1.5811e-01   2.0522e-15  -1.5811e-01   2.2361e-01   1.5811e-01   1.0321e-15   1.5811e-01  -2.2361e-01  -1.5811e-01  -3.4808e-16  -1.5811e-01   2.2361e-01   1.5811e-01   1.3108e-16   1.5811e-01  -2.2361e-01  -1.5811e-01   9.0639e-17  -1.5811e-01   2.2361e-01   1.5811e-01  -5.6639e-16   1.5811e-01  -2.2361e-01  -1.5811e-01   9.0336e-16  -1.5811e-01   2.2361e-01   1.5811e-01   9.4673e-16   1.5811e-01  -2.2361e-01  -1.5811e-01   4.7358e-16  -1.5811e-01   2.2361e-01   1.5811e-01
   1.7003e-01  -2.2085e-01  -1.1683e-01  -6.9098e-02  -2.0659e-01   1.9924e-01   5.2200e-02   1.3143e-01   2.2292e-01  -1.5811e-01   1.7544e-02  -1.8090e-01  -2.1743e-01   1.0152e-01  -8.5571e-02   2.1266e-01   1.9066e-01  -3.4980e-02   1.4522e-01  -2.2361e-01  -1.4522e-01  -3.4980e-02  -1.9066e-01   2.1266e-01   8.5571e-02   1.0152e-01   2.1743e-01  -1.8090e-01  -1.7544e-02  -1.5811e-01  -2.2292e-01   1.3143e-01  -5.2200e-02   1.9924e-01   2.0659e-01  -6.9098e-02   1.1683e-01  -2.2085e-01  -1.7003e-01
   1.8090e-01  -2.1266e-01  -6.9098e-02  -1.3143e-01  -2.2361e-01   1.3143e-01  -6.9098e-02   2.1266e-01   1.8090e-01  -1.3585e-15   1.8090e-01  -2.1266e-01  -6.9098e-02  -1.3143e-01  -2.2361e-01   1.3143e-01  -6.9098e-02   2.1266e-01   1.8090e-01  -7.0582e-17   1.8090e-01  -2.1266e-01  -6.9098e-02  -1.3143e-01  -2.2361e-01   1.3143e-01  -6.9098e-02   2.1266e-01   1.8090e-01  -3.3827e-17   1.8090e-01  -2.1266e-01  -6.9098e-02  -1.3143e-01  -2.2361e-01   1.3143e-01  -6.9098e-02   2.1266e-01   1.8090e-01
   1.9066e-01  -1.9924e-01  -1.7544e-02  -1.8090e-01  -2.0659e-01   3.4980e-02  -1.7003e-01   2.1266e-01   5.2200e-02   1.5811e-01   2.1743e-01  -6.9098e-02   1.4522e-01  -2.2085e-01  -8.5571e-02  -1.3143e-01  -2.2292e-01   1.0152e-01  -1.1683e-01   2.2361e-01   1.1683e-01   1.0152e-01   2.2292e-01  -1.3143e-01   8.5571e-02  -2.2085e-01  -1.4522e-01  -6.9098e-02  -2.1743e-01   1.5811e-01  -5.2200e-02   2.1266e-01   1.7003e-01   3.4980e-02   2.0659e-01  -1.8090e-01   1.7544e-02  -1.9924e-01  -1.9066e-01
   1.9924e-01  -1.8090e-01   3.4980e-02  -2.1266e-01  -1.5811e-01  -6.9098e-02  -2.2085e-01   1.3143e-01  -1.0152e-01   2.2361e-01   1.0152e-01   1.3143e-01   2.2085e-01  -6.9098e-02   1.5811e-01  -2.1266e-01  -3.4980e-02  -1.8090e-01  -1.9924e-01   1.5775e-16  -1.9924e-01   1.8090e-01  -3.4980e-02   2.1266e-01   1.5811e-01   6.9098e-02   2.2085e-01  -1.3143e-01   1.0152e-01  -2.2361e-01  -1.0152e-01  -1.3143e-01  -2.2085e-01   6.9098e-02  -1.5811e-01   2.1266e-01   3.4980e-02   1.8090e-01   1.9924e-01
   2.0659e-01  -1.5811e-01   8.5571e-02  -2.2361e-01  -8.5571e-02  -1.5811e-01  -2.0659e-01  -8.9872e-16  -2.0659e-01   1.5811e-01  -8.5571e-02   2.2361e-01   8.5571e-02   1.5811e-01   2.0659e-01   2.7897e-16   2.0659e-01  -1.5811e-01   8.5571e-02  -2.2361e-01  -8.5571e-02  -1.5811e-01  -2.0659e-01   4.5808e-16  -2.0659e-01   1.5811e-01  -8.5571e-02   2.2361e-01   8.5571e-02   1.5811e-01   2.0659e-01   2.3163e-15   2.0659e-01  -1.5811e-01   8.5571e-02  -2.2361e-01  -8.5571e-02  -1.5811e-01  -2.0659e-01
   2.1266e-01  -1.3143e-01   1.3143e-01  -2.1266e-01   6.3731e-18  -2.1266e-01  -1.3143e-01  -1.3143e-01  -2.1266e-01   1.3428e-15  -2.1266e-01   1.3143e-01  -1.3143e-01   2.1266e-01  -1.5519e-15   2.1266e-01   1.3143e-01   1.3143e-01   2.1266e-01  -3.3025e-16   2.1266e-01  -1.3143e-01   1.3143e-01  -2.1266e-01   1.1508e-15  -2.1266e-01  -1.3143e-01  -1.3143e-01  -2.1266e-01  -4.6838e-17  -2.1266e-01   1.3143e-01  -1.3143e-01   2.1266e-01   1.1050e-15   2.1266e-01   1.3143e-01   1.3143e-01   2.1266e-01
   2.1743e-01  -1.0152e-01   1.7003e-01  -1.8090e-01   8.5571e-02  -2.2085e-01  -1.7544e-02  -2.1266e-01  -1.1683e-01  -1.5811e-01  -1.9066e-01  -6.9098e-02  -2.2292e-01   3.4980e-02  -2.0659e-01   1.3143e-01  -1.4522e-01   1.9924e-01  -5.2200e-02   2.2361e-01   5.2200e-02   1.9924e-01   1.4522e-01   1.3143e-01   2.0659e-01   3.4980e-02   2.2292e-01  -6.9098e-02   1.9066e-01  -1.5811e-01   1.1683e-01  -2.1266e-01   1.7544e-02  -2.2085e-01  -8.5571e-02  -1.8090e-01  -1.7003e-01  -1.0152e-01  -2.1743e-01
   2.2085e-01  -6.9098e-02   1.9924e-01  -1.3143e-01   1.5811e-01  -1.8090e-01   1.0152e-01  -2.1266e-01   3.4980e-02  -2.2361e-01  -3.4980e-02  -2.1266e-01  -1.0152e-01  -1.8090e-01  -1.5811e-01  -1.3143e-01  -1.9924e-01  -6.9098e-02  -2.2085e-01   3.9806e-16  -2.2085e-01   6.9098e-02  -1.9924e-01   1.3143e-01  -1.5811e-01   1.8090e-01  -1.0152e-01   2.1266e-01  -3.4980e-02   2.2361e-01   3.4980e-02   2.1266e-01   1.0152e-01   1.8090e-01   1.5811e-01   1.3143e-01   1.9924e-01   6.9098e-02   2.2085e-01
   2.2292e-01  -3.4980e-02   2.1743e-01  -6.9098e-02   2.0659e-01  -1.0152e-01   1.9066e-01  -1.3143e-01   1.7003e-01  -1.5811e-01   1.4522e-01  -1.8090e-01   1.1683e-01  -1.9924e-01   8.5571e-02  -2.1266e-01   5.2200e-02  -2.2085e-01   1.7544e-02  -2.2361e-01  -1.7544e-02  -2.2085e-01  -5.2200e-02  -2.1266e-01  -8.5571e-02  -1.9924e-01  -1.1683e-01  -1.8090e-01  -1.4522e-01  -1.5811e-01  -1.7003e-01  -1.3143e-01  -1.9066e-01  -1.0152e-01  -2.0659e-01  -6.9098e-02  -2.1743e-01  -3.4980e-02  -2.2292e-01
   2.2361e-01  -4.2304e-17   2.2361e-01  -1.3477e-15   2.2361e-01  -4.9862e-16   2.2361e-01   5.1806e-16   2.2361e-01  -1.5260e-15   2.2361e-01   1.3891e-15   2.2361e-01   2.1860e-15   2.2361e-01   5.0633e-16   2.2361e-01   1.6371e-15   2.2361e-01  -2.1535e-16   2.2361e-01  -7.3184e-17   2.2361e-01  -7.5405e-16   2.2361e-01   2.0835e-15   2.2361e-01   1.1049e-15   2.2361e-01  -5.7417e-16   2.2361e-01   2.1925e-15   2.2361e-01  -8.6514e-16   2.2361e-01  -2.8738e-15   2.2361e-01   2.9941e-15   2.2361e-01
   2.2292e-01   3.4980e-02   2.1743e-01   6.9098e-02   2.0659e-01   1.0152e-01   1.9066e-01   1.3143e-01   1.7003e-01   1.5811e-01   1.4522e-01   1.8090e-01   1.1683e-01   1.9924e-01   8.5571e-02   2.1266e-01   5.2200e-02   2.2085e-01   1.7544e-02   2.2361e-01  -1.7544e-02   2.2085e-01  -5.2200e-02   2.1266e-01  -8.5571e-02   1.9924e-01  -1.1683e-01   1.8090e-01  -1.4522e-01   1.5811e-01  -1.7003e-01   1.3143e-01  -1.9066e-01   1.0152e-01  -2.0659e-01   6.9098e-02  -2.1743e-01   3.4980e-02  -2.2292e-01
   2.2085e-01   6.9098e-02   1.9924e-01   1.3143e-01   1.5811e-01   1.8090e-01   1.0152e-01   2.1266e-01   3.4980e-02   2.2361e-01  -3.4980e-02   2.1266e-01  -1.0152e-01   1.8090e-01  -1.5811e-01   1.3143e-01  -1.9924e-01   6.9098e-02  -2.2085e-01   1.7157e-16  -2.2085e-01  -6.9098e-02  -1.9924e-01  -1.3143e-01  -1.5811e-01  -1.8090e-01  -1.0152e-01  -2.1266e-01  -3.4980e-02  -2.2361e-01   3.4980e-02  -2.1266e-01   1.0152e-01  -1.8090e-01   1.5811e-01  -1.3143e-01   1.9924e-01  -6.9098e-02   2.2085e-01
   2.1743e-01   1.0152e-01   1.7003e-01   1.8090e-01   8.5571e-02   2.2085e-01  -1.7544e-02   2.1266e-01  -1.1683e-01   1.5811e-01  -1.9066e-01   6.9098e-02  -2.2292e-01  -3.4980e-02  -2.0659e-01  -1.3143e-01  -1.4522e-01  -1.9924e-01  -5.2200e-02  -2.2361e-01   5.2200e-02  -1.9924e-01   1.4522e-01  -1.3143e-01   2.0659e-01  -3.4980e-02   2.2292e-01   6.9098e-02   1.9066e-01   1.5811e-01   1.1683e-01   2.1266e-01   1.7544e-02   2.2085e-01  -8.5571e-02   1.8090e-01  -1.7003e-01   1.0152e-01  -2.1743e-01
   2.1266e-01   1.3143e-01   1.3143e-01   2.1266e-01   5.1024e-16   2.1266e-01  -1.3143e-01   1.3143e-01  -2.1266e-01   1.7473e-15  -2.1266e-01  -1.3143e-01  -1.3143e-01  -2.1266e-01   1.8768e-15  -2.1266e-01   1.3143e-01  -1.3143e-01   2.1266e-01  -1.9114e-16   2.1266e-01   1.3143e-01   1.3143e-01   2.1266e-01  -2.0990e-16   2.1266e-01  -1.3143e-01   1.3143e-01  -2.1266e-01   1.2759e-15  -2.1266e-01  -1.3143e-01  -1.3143e-01  -2.1266e-01  -4.0593e-16  -2.1266e-01   1.3143e-01  -1.3143e-01   2.1266e-01
   2.0659e-01   1.5811e-01   8.5571e-02   2.2361e-01  -8.5571e-02   1.5811e-01  -2.0659e-01   1.7358e-16  -2.0659e-01  -1.5811e-01  -8.5571e-02  -2.2361e-01   8.5571e-02  -1.5811e-01   2.0659e-01   1.0302e-15   2.0659e-01   1.5811e-01   8.5571e-02   2.2361e-01  -8.5571e-02   1.5811e-01  -2.0659e-01   9.4109e-16  -2.0659e-01  -1.5811e-01  -8.5571e-02  -2.2361e-01   8.5571e-02  -1.5811e-01   2.0659e-01   1.5482e-15   2.0659e-01   1.5811e-01   8.5571e-02   2.2361e-01  -8.5571e-02   1.5811e-01  -2.0659e-01
   1.9924e-01   1.8090e-01   3.4980e-02   2.1266e-01  -1.5811e-01   6.9098e-02  -2.2085e-01  -1.3143e-01  -1.0152e-01  -2.2361e-01   1.0152e-01  -1.3143e-01   2.2085e-01   6.9098e-02   1.5811e-01   2.1266e-01  -3.4980e-02   1.8090e-01  -1.9924e-01   5.7354e-17  -1.9924e-01  -1.8090e-01  -3.4980e-02  -2.1266e-01   1.5811e-01  -6.9098e-02   2.2085e-01   1.3143e-01   1.0152e-01   2.2361e-01  -1.0152e-01   1.3143e-01  -2.2085e-01  -6.9098e-02  -1.5811e-01  -2.1266e-01   3.4980e-02  -1.8090e-01   1.9924e-01
   1.9066e-01   1.9924e-01  -1.7544e-02   1.8090e-01  -2.0659e-01  -3.4980e-02  -1.7003e-01  -2.1266e-01   5.2200e-02  -1.5811e-01   2.1743e-01   6.9098e-02   1.4522e-01   2.2085e-01  -8.5571e-02   1.3143e-01  -2.2292e-01  -1.0152e-01  -1.1683e-01  -2.2361e-01   1.1683e-01  -1.0152e-01   2.2292e-01   1.3143e-01   8.5571e-02   2.2085e-01  -1.4522e-01   6.9098e-02  -2.1743e-01  -1.5811e-01  -5.2200e-02  -2.1266e-01   1.7003e-01  -3.4980e-02   2.0659e-01   1.8090e-01   1.7544e-02   1.9924e-01  -1.9066e-01
   1.8090e-01   2.1266e-01  -6.9098e-02   1.3143e-01  -2.2361e-01  -1.3143e-01  -6.9098e-02  -2.1266e-01   1.8090e-01  -1.1600e-15   1.8090e-01   2.1266e-01  -6.9098e-02   1.3143e-01  -2.2361e-01  -1.3143e-01  -6.9098e-02  -2.1266e-01   1.8090e-01  -1.9353e-16   1.8090e-01   2.1266e-01  -6.9098e-02   1.3143e-01  -2.2361e-01  -1.3143e-01  -6.9098e-02  -2.1266e-01   1.8090e-01  -6.8955e-16   1.8090e-01   2.1266e-01  -6.9098e-02   1.3143e-01  -2.2361e-01  -1.3143e-01  -6.9098e-02  -2.1266e-01   1.8090e-01
   1.7003e-01   2.2085e-01  -1.1683e-01   6.9098e-02  -2.0659e-01  -1.9924e-01   5.2200e-02  -1.3143e-01   2.2292e-01   1.5811e-01   1.7544e-02   1.8090e-01  -2.1743e-01  -1.0152e-01  -8.5571e-02  -2.1266e-01   1.9066e-01   3.4980e-02   1.4522e-01   2.2361e-01  -1.4522e-01   3.4980e-02  -1.9066e-01  -2.1266e-01   8.5571e-02  -1.0152e-01   2.1743e-01   1.8090e-01  -1.7544e-02   1.5811e-01  -2.2292e-01  -1.3143e-01  -5.2200e-02  -1.9924e-01   2.0659e-01   6.9098e-02   1.1683e-01   2.2085e-01  -1.7003e-01
   1.5811e-01   2.2361e-01  -1.5811e-01   1.7336e-15  -1.5811e-01  -2.2361e-01   1.5811e-01  -5.0242e-16   1.5811e-01   2.2361e-01  -1.5811e-01  -1.3752e-15  -1.5811e-01  -2.2361e-01   1.5811e-01   1.1777e-15   1.5811e-01   2.2361e-01  -1.5811e-01   3.3654e-16  -1.5811e-01  -2.2361e-01   1.5811e-01  -1.0495e-15   1.5811e-01   2.2361e-01  -1.5811e-01  -7.4593e-17  -1.5811e-01  -2.2361e-01   1.5811e-01  -2.9751e-16   1.5811e-01   2.2361e-01  -1.5811e-01   2.3349e-15  -1.5811e-01  -2.2361e-01   1.5811e-01
   1.4522e-01   2.2085e-01  -1.9066e-01  -6.9098e-02  -8.5571e-02  -1.9924e-01   2.1743e-01   1.3143e-01   1.7544e-02   1.5811e-01  -2.2292e-01  -1.8090e-01   5.2200e-02  -1.0152e-01   2.0659e-01   2.1266e-01  -1.1683e-01   3.4980e-02  -1.7003e-01  -2.2361e-01   1.7003e-01   3.4980e-02   1.1683e-01   2.1266e-01  -2.0659e-01  -1.0152e-01  -5.2200e-02  -1.8090e-01   2.2292e-01   1.5811e-01  -1.7544e-02   1.3143e-01  -2.1743e-01  -1.9924e-01   8.5571e-02  -6.9098e-02   1.9066e-01   2.2085e-01  -1.4522e-01
   1.3143e-01   2.1266e-01  -2.1266e-01  -1.3143e-01  -1.1307e-15  -1.3143e-01   2.1266e-01   2.1266e-01  -1.3143e-01   9.4488e-17  -1.3143e-01  -2.1266e-01   2.1266e-01   1.3143e-01  -1.4148e-15   1.3143e-01  -2.1266e-01  -2.1266e-01   1.3143e-01  -2.5067e-16   1.3143e-01   2.1266e-01  -2.1266e-01  -1.3143e-01  -1.4485e-16  -1.3143e-01   2.1266e-01   2.1266e-01  -1.3143e-01   5.9111e-16  -1.3143e-01  -2.1266e-01   2.1266e-01   1.3143e-01   1.4502e-15   1.3143e-01  -2.1266e-01  -2.1266e-01   1.3143e-01
   1.1683e-01   1.9924e-01  -2.2292e-01  -1.8090e-01   8.5571e-02  -3.4980e-02   1.4522e-01   2.1266e-01  -2.1743e-01  -1.5811e-01   5.2200e-02  -6.9098e-02   1.7003e-01   2.2085e-01  -2.0659e-01  -1.3143e-01   1.7544e-02  -1.0152e-01   1.9066e-01   2.2361e-01  -1.9066e-01  -1.0152e-01  -1.7544e-02  -1.3143e-01   2.0659e-01   2.2085e-01  -1.7003e-01  -6.9098e-02  -5.2200e-02  -1.5811e-01   2.1743e-01   2.1266e-01  -1.4522e-01  -3.4980e-02  -8.5571e-02  -1.8090e-01   2.2292e-01   1.9924e-01  -1.1683e-01
   1.0152e-01   1.8090e-01  -2.2085e-01  -2.1266e-01   1.5811e-01   6.9098e-02   3.4980e-02   1.3143e-01  -1.9924e-01  -2.2361e-01   1.9924e-01   1.3143e-01  -3.4980e-02   6.9098e-02  -1.5811e-01  -2.1266e-01   2.2085e-01   1.8090e-01  -1.0152e-01   1.0679e-16  -1.0152e-01  -1.8090e-01   2.2085e-01   2.1266e-01  -1.5811e-01  -6.9098e-02  -3.4980e-02  -1.3143e-01   1.9924e-01   2.2361e-01  -1.9924e-01  -1.3143e-01   3.4980e-02  -6.9098e-02   1.5811e-01   2.1266e-01  -2.2085e-01  -1.8090e-01   1.0152e-01
   8.5571e-02   1.5811e-01  -2.0659e-01  -2.2361e-01   2.0659e-01   1.5811e-01  -8.5571e-02   4.2189e-16  -8.5571e-02  -1.5811e-01   2.0659e-01   2.2361e-01  -2.0659e-01  -1.5811e-01   8.5571e-02   8.4020e-16   8.5571e-02   1.5811e-01  -2.0659e-01  -2.2361e-01   2.0659e-01   1.5811e-01  -8.5571e-02   3.2949e-16  -8.5571e-02  -1.5811e-01   2.0659e-01   2.2361e-01  -2.0659e-01  -1.5811e-01   8.5571e-02   1.2078e-16   8.5571e-02   1.5811e-01  -2.0659e-01  -2.2361e-01   2.0659e-01   1.5811e-01  -8.5571e-02
   6.9098e-02   1.3143e-01  -1.8090e-01  -2.1266e-01   2.2361e-01   2.1266e-01  -1.8090e-01  -1.3143e-01   6.9098e-02  -7.4051e-17   6.9098e-02   1.3143e-01  -1.8090e-01  -2.1266e-01   2.2361e-01   2.1266e-01  -1.8090e-01  -1.3143e-01   6.9098e-02  -2.6151e-16   6.9098e-02   1.3143e-01  -1.8090e-01  -2.1266e-01   2.2361e-01   2.1266e-01  -1.8090e-01  -1.3143e-01   6.9098e-02   2.1858e-16   6.9098e-02   1.3143e-01  -1.8090e-01  -2.1266e-01   2.2361e-01   2.1266e-01  -1.8090e-01  -1.3143e-01   6.9098e-02
   5.2200e-02   1.0152e-01  -1.4522e-01  -1.8090e-01   2.0659e-01   2.2085e-01  -2.2292e-01  -2.1266e-01   1.9066e-01   1.5811e-01  -1.1683e-01  -6.9098e-02   1.7544e-02  -3.4980e-02   8.5571e-02   1.3143e-01  -1.7003e-01  -1.9924e-01   2.1743e-01   2.2361e-01  -2.1743e-01  -1.9924e-01   1.7003e-01   1.3143e-01  -8.5571e-02  -3.4980e-02  -1.7544e-02  -6.9098e-02   1.1683e-01   1.5811e-01  -1.9066e-01  -2.1266e-01   2.2292e-01   2.2085e-01  -2.0659e-01  -1.8090e-01   1.4522e-01   1.0152e-01  -5.2200e-02
   3.4980e-02   6.9098e-02  -1.0152e-01  -1.3143e-01   1.5811e-01   1.8090e-01  -1.9924e-01  -2.1266e-01   2.2085e-01   2.2361e-01  -2.2085e-01  -2.1266e-01   1.9924e-01   1.8090e-01  -1.5811e-01  -1.3143e-01   1.0152e-01   6.9098e-02  -3.4980e-02   6.6895e-17  -3.4980e-02  -6.9098e-02   1.0152e-01   1.3143e-01  -1.5811e-01  -1.8090e-01   1.9924e-01   2.1266e-01  -2.2085e-01  -2.2361e-01   2.2085e-01   2.1266e-01  -1.9924e-01  -1.8090e-01   1.5811e-01   1.3143e-01  -1.0152e-01  -6.9098e-02   3.4980e-02
   1.7544e-02   3.4980e-02  -5.2200e-02  -6.9098e-02   8.5571e-02   1.0152e-01  -1.1683e-01  -1.3143e-01   1.4522e-01   1.5811e-01  -1.7003e-01  -1.8090e-01   1.9066e-01   1.9924e-01  -2.0659e-01  -2.1266e-01   2.1743e-01   2.2085e-01  -2.2292e-01  -2.2361e-01   2.2292e-01   2.2085e-01  -2.1743e-01  -2.1266e-01   2.0659e-01   1.9924e-01  -1.9066e-01  -1.8090e-01   1.7003e-01   1.5811e-01  -1.4522e-01  -1.3143e-01   1.1683e-01   1.0152e-01  -8.5571e-02  -6.9098e-02   5.2200e-02   3.4980e-02  -1.7544e-02
