n = 20
rmax = 1
Use time 0 seconds.
Eigenvalues: 
   9.8493e+00
   3.9155e+01
   8.7195e+01
   1.5279e+02
   2.3431e+02
   3.2977e+02
   4.3681e+02
   5.5279e+02
   6.7485e+02
   8.0000e+02
   9.2515e+02
   1.0472e+03
   1.1632e+03
   1.2702e+03
   1.3657e+03
   1.4472e+03
   1.5128e+03
   1.5608e+03
   1.5902e+03
Eigenvectors: 
   4.9469e-02  -9.7720e-02   1.4356e-01   1.8587e-01   2.2361e-01   2.5583e-01  -2.8176e-01  -3.0075e-01  -3.1233e-01  -3.1623e-01   3.1233e-01  -3.0075e-01   2.8176e-01  -2.5583e-01  -2.2361e-01  -1.8587e-01  -1.4356e-01   9.7720e-02  -4.9469e-02
   9.7720e-02  -1.8587e-01   2.5583e-01   3.0075e-01   3.1623e-01   3.0075e-01  -2.5583e-01  -1.8587e-01  -9.7720e-02  -6.0311e-09  -9.7720e-02   1.8587e-01  -2.5583e-01   3.0075e-01   3.1623e-01   3.0075e-01   2.5583e-01  -1.8587e-01   9.7720e-02
   1.4356e-01  -2.5583e-01   3.1233e-01   3.0075e-01   2.2361e-01   9.7720e-02   4.9469e-02   1.8587e-01   2.8176e-01   3.1623e-01  -2.8176e-01   1.8587e-01  -4.9469e-02  -9.7720e-02  -2.2361e-01  -3.0075e-01  -3.1233e-01   2.5583e-01  -1.4356e-01
   1.8587e-01  -3.0075e-01   3.0075e-01   1.8587e-01   6.2204e-09  -1.8587e-01   3.0075e-01   3.0075e-01   1.8587e-01   1.2310e-08   1.8587e-01  -3.0075e-01   3.0075e-01  -1.8587e-01   5.7542e-09   1.8587e-01   3.0075e-01  -3.0075e-01   1.8587e-01
   2.2361e-01  -3.1623e-01   2.2361e-01   1.6885e-08  -2.2361e-01  -3.1623e-01   2.2361e-01  -8.6719e-09  -2.2361e-01  -3.1623e-01   2.2361e-01  -3.1064e-09  -2.2361e-01   3.1623e-01   2.2361e-01   9.9246e-09  -2.2361e-01   3.1623e-01  -2.2361e-01
   2.5583e-01  -3.0075e-01   9.7720e-02  -1.8587e-01  -3.1623e-01  -1.8587e-01  -9.7720e-02  -3.0075e-01  -2.5583e-01  -1.8950e-08  -2.5583e-01   3.0075e-01  -9.7720e-02  -1.8587e-01  -3.1623e-01  -1.8587e-01   9.7720e-02  -3.0075e-01   2.5583e-01
   2.8176e-01  -2.5583e-01  -4.9469e-02  -3.0075e-01  -2.2361e-01   9.7720e-02  -3.1233e-01  -1.8587e-01   1.4356e-01   3.1623e-01  -1.4356e-01  -1.8587e-01   3.1233e-01  -9.7720e-02   2.2361e-01   3.0075e-01   4.9469e-02   2.5583e-01  -2.8176e-01
   3.0075e-01  -1.8587e-01  -1.8587e-01  -3.0075e-01  -9.8662e-09   3.0075e-01  -1.8587e-01   1.8587e-01   3.0075e-01   2.4878e-08   3.0075e-01  -1.8587e-01  -1.8587e-01   3.0075e-01  -3.3351e-09  -3.0075e-01  -1.8587e-01  -1.8587e-01   3.0075e-01
   3.1233e-01  -9.7720e-02  -2.8176e-01  -1.8587e-01   2.2361e-01   2.5583e-01   1.4356e-01   3.0075e-01  -4.9469e-02  -3.1623e-01   4.9469e-02   3.0075e-01  -1.4356e-01  -2.5583e-01  -2.2361e-01   1.8587e-01   2.8176e-01   9.7720e-02  -3.1233e-01
   3.1623e-01  -9.9810e-10  -3.1623e-01  -2.6735e-10   3.1623e-01   1.0838e-08   3.1623e-01  -1.1803e-08  -3.1623e-01  -2.7253e-08  -3.1623e-01  -1.0450e-09   3.1623e-01   6.0912e-09   3.1623e-01   9.7720e-09  -3.1623e-01  -4.4255e-08   3.1623e-01
   3.1233e-01   9.7720e-02  -2.8176e-01   1.8587e-01   2.2361e-01  -2.5583e-01   1.4356e-01  -3.0075e-01  -4.9469e-02   3.1623e-01   4.9469e-02  -3.0075e-01  -1.4356e-01   2.5583e-01  -2.2361e-01  -1.8587e-01   2.8176e-01  -9.7720e-02  -3.1233e-01
   3.0075e-01   1.8587e-01  -1.8587e-01   3.0075e-01   1.0000e-08  -3.0075e-01  -1.8587e-01  -1.8587e-01   3.0075e-01   2.4765e-08   3.0075e-01   1.8587e-01  -1.8587e-01  -3.0075e-01  -1.6739e-09   3.0075e-01  -1.8587e-01   1.8587e-01   3.0075e-01
   2.8176e-01   2.5583e-01  -4.9469e-02   3.0075e-01  -2.2361e-01  -9.7720e-02  -3.1233e-01   1.8587e-01   1.4356e-01  -3.1623e-01  -1.4356e-01   1.8587e-01   3.1233e-01   9.7720e-02   2.2361e-01  -3.0075e-01   4.9469e-02  -2.5583e-01  -2.8176e-01
   2.5583e-01   3.0075e-01   9.7720e-02   1.8587e-01  -3.1623e-01   1.8587e-01  -9.7720e-02   3.0075e-01  -2.5583e-01  -1.8781e-08  -2.5583e-01  -3.0075e-01  -9.7720e-02   1.8587e-01  -3.1623e-01   1.8587e-01   9.7720e-02   3.0075e-01   2.5583e-01
   2.2361e-01   3.1623e-01   2.2361e-01  -1.7133e-08  -2.2361e-01   3.1623e-01   2.2361e-01  -8.6720e-09  -2.2361e-01   3.1623e-01   2.2361e-01   1.2591e-10  -2.2361e-01  -3.1623e-01   2.2361e-01   3.2211e-09  -2.2361e-01  -3.1623e-01  -2.2361e-01
   1.8587e-01   3.0075e-01   3.0075e-01  -1.8587e-01  -5.9339e-09   1.8587e-01   3.0075e-01  -3.0075e-01   1.8587e-01   1.2144e-08   1.8587e-01   3.0075e-01   3.0075e-01   1.8587e-01  -2.7042e-09  -1.8587e-01   3.0075e-01   3.0075e-01   1.8587e-01
   1.4356e-01   2.5583e-01   3.1233e-01  -3.0075e-01   2.2361e-01  -9.7720e-02   4.9469e-02  -1.8587e-01   2.8176e-01  -3.1623e-01  -2.8176e-01  -1.8587e-01  -4.9469e-02   9.7720e-02  -2.2361e-01   3.0075e-01  -3.1233e-01  -2.5583e-01  -1.4356e-01
   9.7720e-02   1.8587e-01   2.5583e-01  -3.0075e-01   3.1623e-01  -3.0075e-01  -2.5583e-01   1.8587e-01  -9.7720e-02  -5.9224e-09  -9.7720e-02  -1.8587e-01  -2.5583e-01  -3.0075e-01   3.1623e-01  -3.0075e-01   2.5583e-01   1.8587e-01   9.7720e-02
   4.9469e-02   9.7720e-02   1.4356e-01  -1.8587e-01   2.2361e-01  -2.5583e-01  -2.8176e-01   3.0075e-01  -3.1233e-01   3.1623e-01   3.1233e-01   3.0075e-01   2.8176e-01   2.5583e-01  -2.2361e-01   1.8587e-01  -1.4356e-01  -9.7720e-02  -4.9469e-02
