n = 10
rmax = 1
Use time 0 seconds.
Eigenvalues: 
   9.7887e+00
   3.8197e+01
   8.2443e+01
   1.3820e+02
   2.0000e+02
   2.6180e+02
   3.1756e+02
   3.6180e+02
   3.9021e+02
Eigenvectors: 
   1.3820e-01   2.6287e-01  -3.6180e-01  -4.2533e-01   4.4721e-01   4.2533e-01   3.6180e-01  -2.6287e-01  -1.3820e-01
   2.6287e-01   4.2533e-01  -4.2533e-01  -2.6287e-01  -6.7601e-11  -2.6287e-01  -4.2533e-01   4.2533e-01   2.6287e-01
   3.6180e-01   4.2533e-01  -1.3820e-01   2.6287e-01  -4.4721e-01  -2.6287e-01   1.3820e-01  -4.2533e-01  -3.6180e-01
   4.2533e-01   2.6287e-01   2.6287e-01   4.2533e-01  -2.6584e-11   4.2533e-01   2.6287e-01   2.6287e-01   4.2533e-01
   4.4721e-01   1.3012e-09   4.4721e-01   2.2118e-08   4.4721e-01   1.6184e-10  -4.4721e-01  -1.0686e-09  -4.4721e-01
   4.2533e-01  -2.6287e-01   2.6287e-01  -4.2533e-01   1.0163e-10  -4.2533e-01   2.6287e-01  -2.6287e-01   4.2533e-01
   3.6180e-01  -4.2533e-01  -1.3820e-01  -2.6287e-01  -4.4721e-01   2.6287e-01   1.3820e-01   4.2533e-01  -3.6180e-01
   2.6287e-01  -4.2533e-01  -4.2533e-01   2.6287e-01   1.1279e-10   2.6287e-01  -4.2533e-01  -4.2533e-01   2.6287e-01
   1.3820e-01  -2.6287e-01  -3.6180e-01   4.2533e-01   4.4721e-01  -4.2533e-01   3.6180e-01   2.6287e-01  -1.3820e-01
