n = 40
rmax = 1
Use time 0 seconds.
Eigenvalues: 
   9.8645e+00
   3.9397e+01
   8.8416e+01
   1.5662e+02
   2.4359e+02
   3.4878e+02
   4.7155e+02
   6.1115e+02
   7.6670e+02
   9.3726e+02
   1.1218e+03
   1.3191e+03
   1.5280e+03
   1.7472e+03
   1.9754e+03
   2.2111e+03
   2.4530e+03
   2.6994e+03
   2.9489e+03
   3.2000e+03
   3.4511e+03
   3.7006e+03
   3.9470e+03
   4.1889e+03
   4.4246e+03
   4.6528e+03
   4.8720e+03
   5.0809e+03
   5.2782e+03
   5.4627e+03
   5.6333e+03
   5.7889e+03
   5.9284e+03
   6.0512e+03
   6.1564e+03
   6.2434e+03
   6.3116e+03
   6.3606e+03
   6.3901e+03
Eigenvectors: 
   1.7544e-02  -3.4980e-02   5.2200e-02   6.9098e-02  -8.5571e-02   1.0152e-01  -1.1683e-01  -1.3143e-01   1.4522e-01   1.5811e-01   1.7003e-01   1.8090e-01   1.9066e-01   1.9924e-01   2.0659e-01  -2.1266e-01   2.1743e-01   2.2085e-01  -2.2292e-01   2.2361e-01   2.2292e-01  -2.2085e-01   2.1743e-01  -2.1266e-01   2.0659e-01  -1.9924e-01  -1.9066e-01  -1.8090e-01  -1.7003e-01   1.5811e-01  -1.4522e-01  -1.3143e-01  -1.1683e-01  -1.0152e-01  -8.5571e-02  -6.9098e-02   5.2200e-02  -3.4980e-02  -1.7544e-02
   3.4980e-02  -6.9098e-02   1.0152e-01   1.3143e-01  -1.5811e-01   1.8090e-01  -1.9924e-01  -2.1266e-01   2.2085e-01   2.2361e-01   2.2085e-01   2.1266e-01   1.9924e-01   1.8090e-01   1.5811e-01  -1.3143e-01   1.0152e-01   6.9098e-02  -3.4980e-02  -1.0398e-09  -3.4980e-02   6.9098e-02  -1.0152e-01   1.3143e-01  -1.5811e-01   1.8090e-01   1.9924e-01   2.1266e-01   2.2085e-01  -2.2361e-01   2.2085e-01   2.1266e-01   1.9924e-01   1.8090e-01   1.5811e-01   1.3143e-01  -1.0152e-01   6.9098e-02   3.4980e-02
   5.2200e-02  -1.0152e-01   1.4522e-01   1.8090e-01  -2.0659e-01   2.2085e-01  -2.2292e-01  -2.1266e-01   1.9066e-01   1.5811e-01   1.1683e-01   6.9098e-02   1.7544e-02  -3.4980e-02  -8.5571e-02   1.3143e-01  -1.7003e-01  -1.9924e-01   2.1743e-01  -2.2361e-01  -2.1743e-01   1.9924e-01  -1.7003e-01   1.3143e-01  -8.5571e-02   3.4980e-02  -1.7544e-02  -6.9098e-02  -1.1683e-01   1.5811e-01  -1.9066e-01  -2.1266e-01  -2.2292e-01  -2.2085e-01  -2.0659e-01  -1.8090e-01   1.4522e-01  -1.0152e-01  -5.2200e-02
   6.9098e-02  -1.3143e-01   1.8090e-01   2.1266e-01  -2.2361e-01   2.1266e-01  -1.8090e-01  -1.3143e-01   6.9098e-02   8.8921e-10  -6.9098e-02  -1.3143e-01  -1.8090e-01  -2.1266e-01  -2.2361e-01   2.1266e-01  -1.8090e-01  -1.3143e-01   6.9098e-02  -1.3862e-10   6.9098e-02  -1.3143e-01   1.8090e-01  -2.1266e-01   2.2361e-01  -2.1266e-01  -1.8090e-01  -1.3143e-01  -6.9098e-02   3.7889e-10   6.9098e-02   1.3143e-01   1.8090e-01   2.1266e-01   2.2361e-01   2.1266e-01  -1.8090e-01   1.3143e-01   6.9098e-02
   8.5571e-02  -1.5811e-01   2.0659e-01   2.2361e-01  -2.0659e-01   1.5811e-01  -8.5571e-02  -5.5661e-09  -8.5571e-02  -1.5811e-01  -2.0659e-01  -2.2361e-01  -2.0659e-01  -1.5811e-01  -8.5571e-02   6.3416e-10   8.5571e-02   1.5811e-01  -2.0659e-01   2.2361e-01   2.0659e-01  -1.5811e-01   8.5571e-02  -5.1723e-10  -8.5571e-02   1.5811e-01   2.0659e-01   2.2361e-01   2.0659e-01  -1.5811e-01   8.5571e-02   3.3486e-09  -8.5571e-02  -1.5811e-01  -2.0659e-01  -2.2361e-01   2.0659e-01  -1.5811e-01  -8.5571e-02
   1.0152e-01  -1.8090e-01   2.2085e-01   2.1266e-01  -1.5811e-01   6.9098e-02   3.4980e-02   1.3143e-01  -1.9924e-01  -2.2361e-01  -1.9924e-01  -1.3143e-01  -3.4980e-02   6.9098e-02   1.5811e-01  -2.1266e-01   2.2085e-01   1.8090e-01  -1.0152e-01  -1.1752e-09  -1.0152e-01   1.8090e-01  -2.2085e-01   2.1266e-01  -1.5811e-01   6.9098e-02  -3.4980e-02  -1.3143e-01  -1.9924e-01   2.2361e-01  -1.9924e-01  -1.3143e-01  -3.4980e-02   6.9098e-02   1.5811e-01   2.1266e-01  -2.2085e-01   1.8090e-01   1.0152e-01
   1.1683e-01  -1.9924e-01   2.2292e-01   1.8090e-01  -8.5571e-02  -3.4980e-02   1.4522e-01   2.1266e-01  -2.1743e-01  -1.5811e-01  -5.2200e-02   6.9098e-02   1.7003e-01   2.2085e-01   2.0659e-01  -1.3143e-01   1.7544e-02  -1.0152e-01   1.9066e-01  -2.2361e-01  -1.9066e-01   1.0152e-01   1.7544e-02  -1.3143e-01   2.0659e-01  -2.2085e-01  -1.7003e-01  -6.9098e-02   5.2200e-02  -1.5811e-01   2.1743e-01   2.1266e-01   1.4522e-01   3.4980e-02  -8.5571e-02  -1.8090e-01   2.2292e-01  -1.9924e-01  -1.1683e-01
   1.3143e-01  -2.1266e-01   2.1266e-01   1.3143e-01   1.0326e-09  -1.3143e-01   2.1266e-01   2.1266e-01  -1.3143e-01  -5.1180e-09   1.3143e-01   2.1266e-01   2.1266e-01   1.3143e-01   9.5257e-11   1.3143e-01  -2.1266e-01  -2.1266e-01   1.3143e-01   7.3798e-10   1.3143e-01  -2.1266e-01   2.1266e-01  -1.3143e-01  -1.0233e-09   1.3143e-01   2.1266e-01   2.1266e-01   1.3143e-01   1.0574e-09  -1.3143e-01  -2.1266e-01  -2.1266e-01  -1.3143e-01   1.7751e-09   1.3143e-01  -2.1266e-01   2.1266e-01   1.3143e-01
   1.4522e-01  -2.2085e-01   1.9066e-01   6.9098e-02   8.5571e-02  -1.9924e-01   2.1743e-01   1.3143e-01   1.7544e-02   1.5811e-01   2.2292e-01   1.8090e-01   5.2200e-02  -1.0152e-01  -2.0659e-01   2.1266e-01  -1.1683e-01   3.4980e-02  -1.7003e-01   2.2361e-01   1.7003e-01  -3.4980e-02  -1.1683e-01   2.1266e-01  -2.0659e-01   1.0152e-01  -5.2200e-02  -1.8090e-01  -2.2292e-01   1.5811e-01  -1.7544e-02   1.3143e-01   2.1743e-01   1.9924e-01   8.5571e-02  -6.9098e-02   1.9066e-01  -2.2085e-01  -1.4522e-01
   1.5811e-01  -2.2361e-01   1.5811e-01   2.6194e-10   1.5811e-01  -2.2361e-01   1.5811e-01  -2.9954e-10   1.5811e-01   2.2361e-01   1.5811e-01  -4.5487e-10  -1.5811e-01  -2.2361e-01  -1.5811e-01   3.7261e-09   1.5811e-01   2.2361e-01  -1.5811e-01  -1.1345e-09  -1.5811e-01   2.2361e-01  -1.5811e-01   3.7301e-10   1.5811e-01  -2.2361e-01  -1.5811e-01  -1.8519e-10   1.5811e-01  -2.2361e-01   1.5811e-01  -2.2830e-11  -1.5811e-01  -2.2361e-01  -1.5811e-01  -1.3278e-08  -1.5811e-01   2.2361e-01   1.5811e-01
   1.7003e-01  -2.2085e-01   1.1683e-01  -6.9098e-02   2.0659e-01  -1.9924e-01   5.2200e-02  -1.3143e-01   2.2292e-01   1.5811e-01  -1.7544e-02  -1.8090e-01  -2.1743e-01  -1.0152e-01   8.5571e-02  -2.1266e-01   1.9066e-01   3.4980e-02   1.4522e-01  -2.2361e-01  -1.4522e-01  -3.4980e-02   1.9066e-01  -2.1266e-01   8.5571e-02   1.0152e-01   2.1743e-01   1.8090e-01   1.7544e-02   1.5811e-01  -2.2292e-01  -1.3143e-01   5.2200e-02   1.9924e-01   2.0659e-01   6.9098e-02   1.1683e-01  -2.2085e-01  -1.7003e-01
   1.8090e-01  -2.1266e-01   6.9098e-02  -1.3143e-01   2.2361e-01  -1.3143e-01  -6.9098e-02  -2.1266e-01   1.8090e-01   5.4054e-09  -1.8090e-01  -2.1266e-01  -6.9098e-02   1.3143e-01   2.2361e-01  -1.3143e-01  -6.9098e-02  -2.1266e-01   1.8090e-01   2.5400e-09   1.8090e-01  -2.1266e-01   6.9098e-02   1.3143e-01  -2.2361e-01   1.3143e-01  -6.9098e-02  -2.1266e-01  -1.8090e-01   9.1787e-10   1.8090e-01   2.1266e-01   6.9098e-02  -1.3143e-01  -2.2361e-01  -1.3143e-01  -6.9098e-02   2.1266e-01   1.8090e-01
   1.9066e-01  -1.9924e-01   1.7544e-02  -1.8090e-01   2.0659e-01  -3.4980e-02  -1.7003e-01  -2.1266e-01   5.2200e-02  -1.5811e-01  -2.1743e-01  -6.9098e-02   1.4522e-01   2.2085e-01   8.5571e-02   1.3143e-01  -2.2292e-01  -1.0152e-01  -1.1683e-01   2.2361e-01   1.1683e-01   1.0152e-01  -2.2292e-01   1.3143e-01   8.5571e-02  -2.2085e-01  -1.4522e-01   6.9098e-02   2.1743e-01  -1.5811e-01  -5.2200e-02  -2.1266e-01  -1.7003e-01   3.4980e-02   2.0659e-01   1.8090e-01   1.7544e-02  -1.9924e-01  -1.9066e-01
   1.9924e-01  -1.8090e-01  -3.4980e-02  -2.1266e-01   1.5811e-01   6.9098e-02  -2.2085e-01  -1.3143e-01  -1.0152e-01  -2.2361e-01  -1.0152e-01   1.3143e-01   2.2085e-01   6.9098e-02  -1.5811e-01   2.1266e-01  -3.4980e-02   1.8090e-01  -1.9924e-01  -1.0133e-09  -1.9924e-01   1.8090e-01   3.4980e-02  -2.1266e-01   1.5811e-01   6.9098e-02   2.2085e-01   1.3143e-01  -1.0152e-01   2.2361e-01  -1.0152e-01   1.3143e-01   2.2085e-01   6.9098e-02  -1.5811e-01  -2.1266e-01   3.4980e-02   1.8090e-01   1.9924e-01
   2.0659e-01  -1.5811e-01  -8.5571e-02  -2.2361e-01   8.5571e-02   1.5811e-01  -2.0659e-01  -5.4518e-09  -2.0659e-01  -1.5811e-01   8.5571e-02   2.2361e-01   8.5571e-02  -1.5811e-01  -2.0659e-01   7.7964e-10   2.0659e-01   1.5811e-01   8.5571e-02  -2.2361e-01  -8.5571e-02  -1.5811e-01   2.0659e-01  -4.8445e-10  -2.0659e-01   1.5811e-01  -8.5571e-02  -2.2361e-01  -8.5571e-02  -1.5811e-01   2.0659e-01  -3.3805e-09  -2.0659e-01  -1.5811e-01   8.5571e-02   2.2361e-01  -8.5571e-02  -1.5811e-01  -2.0659e-01
   2.1266e-01  -1.3143e-01  -1.3143e-01  -2.1266e-01   1.4480e-10   2.1266e-01  -1.3143e-01   1.3143e-01  -2.1266e-01  -1.4448e-09   2.1266e-01   1.3143e-01  -1.3143e-01  -2.1266e-01  -2.4971e-10  -2.1266e-01   1.3143e-01  -1.3143e-01   2.1266e-01   1.7816e-09   2.1266e-01  -1.3143e-01  -1.3143e-01   2.1266e-01   6.8735e-09  -2.1266e-01  -1.3143e-01   1.3143e-01   2.1266e-01   9.4752e-10  -2.1266e-01  -1.3143e-01   1.3143e-01   2.1266e-01   4.1547e-09  -2.1266e-01   1.3143e-01   1.3143e-01   2.1266e-01
   2.1743e-01  -1.0152e-01  -1.7003e-01  -1.8090e-01  -8.5571e-02   2.2085e-01  -1.7544e-02   2.1266e-01  -1.1683e-01   1.5811e-01   1.9066e-01  -6.9098e-02  -2.2292e-01  -3.4980e-02   2.0659e-01  -1.3143e-01  -1.4522e-01  -1.9924e-01  -5.2200e-02   2.2361e-01   5.2200e-02   1.9924e-01  -1.4522e-01  -1.3143e-01   2.0659e-01   3.4980e-02   2.2292e-01   6.9098e-02  -1.9066e-01   1.5811e-01   1.1683e-01   2.1266e-01  -1.7544e-02  -2.2085e-01  -8.5571e-02   1.8090e-01  -1.7003e-01  -1.0152e-01  -2.1743e-01
   2.2085e-01  -6.9098e-02  -1.9924e-01  -1.3143e-01  -1.5811e-01   1.8090e-01   1.0152e-01   2.1266e-01   3.4980e-02   2.2361e-01   3.4980e-02  -2.1266e-01  -1.0152e-01   1.8090e-01   1.5811e-01   1.3143e-01  -1.9924e-01   6.9098e-02  -2.2085e-01  -2.3524e-09  -2.2085e-01   6.9098e-02   1.9924e-01  -1.3143e-01  -1.5811e-01   1.8090e-01  -1.0152e-01  -2.1266e-01   3.4980e-02  -2.2361e-01   3.4980e-02  -2.1266e-01  -1.0152e-01   1.8090e-01   1.5811e-01  -1.3143e-01   1.9924e-01   6.9098e-02   2.2085e-01
   2.2292e-01  -3.4980e-02  -2.1743e-01  -6.9098e-02  -2.0659e-01   1.0152e-01   1.9066e-01   1.3143e-01   1.7003e-01   1.5811e-01  -1.4522e-01  -1.8090e-01   1.1683e-01   1.9924e-01  -8.5571e-02   2.1266e-01   5.2200e-02   2.2085e-01   1.7544e-02  -2.2361e-01  -1.7544e-02  -2.2085e-01   5.2200e-02   2.1266e-01  -8.5571e-02  -1.9924e-01  -1.1683e-01   1.8090e-01   1.4522e-01   1.5811e-01  -1.7003e-01   1.3143e-01   1.9066e-01  -1.0152e-01  -2.0659e-01   6.9098e-02  -2.1743e-01  -3.4980e-02  -2.2292e-01
   2.2361e-01  -5.2222e-10  -2.2361e-01   3.0896e-10  -2.2361e-01  -9.4576e-11   2.2361e-01   3.2329e-10   2.2361e-01  -3.0309e-10  -2.2361e-01   2.9695e-10   2.2361e-01  -7.7714e-10  -2.2361e-01   1.1077e-10   2.2361e-01  -9.7417e-10   2.2361e-01   1.6210e-09   2.2361e-01   6.5477e-09  -2.2361e-01   8.6302e-10   2.2361e-01   6.3700e-09   2.2361e-01  -1.7920e-09  -2.2361e-01  -2.4441e-10   2.2361e-01   1.6810e-12  -2.2361e-01   1.9639e-10   2.2361e-01  -8.0182e-09   2.2361e-01   4.4353e-09   2.2361e-01
   2.2292e-01   3.4980e-02  -2.1743e-01   6.9098e-02  -2.0659e-01  -1.0152e-01   1.9066e-01  -1.3143e-01   1.7003e-01  -1.5811e-01  -1.4522e-01   1.8090e-01   1.1683e-01  -1.9924e-01  -8.5571e-02  -2.1266e-01   5.2200e-02  -2.2085e-01   1.7544e-02   2.2361e-01  -1.7544e-02   2.2085e-01   5.2200e-02  -2.1266e-01  -8.5571e-02   1.9924e-01  -1.1683e-01  -1.8090e-01   1.4522e-01  -1.5811e-01  -1.7003e-01  -1.3143e-01   1.9066e-01   1.0152e-01  -2.0659e-01  -6.9098e-02  -2.1743e-01   3.4980e-02  -2.2292e-01
   2.2085e-01   6.9098e-02  -1.9924e-01   1.3143e-01  -1.5811e-01  -1.8090e-01   1.0152e-01  -2.1266e-01   3.4980e-02  -2.2361e-01   3.4980e-02   2.1266e-01  -1.0152e-01  -1.8090e-01   1.5811e-01  -1.3143e-01  -1.9924e-01  -6.9098e-02  -2.2085e-01  -2.0671e-09  -2.2085e-01  -6.9098e-02   1.9924e-01   1.3143e-01  -1.5811e-01  -1.8090e-01  -1.0152e-01   2.1266e-01   3.4980e-02   2.2361e-01   3.4980e-02   2.1266e-01  -1.0152e-01  -1.8090e-01   1.5811e-01   1.3143e-01   1.9924e-01  -6.9098e-02   2.2085e-01
   2.1743e-01   1.0152e-01  -1.7003e-01   1.8090e-01  -8.5571e-02  -2.2085e-01  -1.7544e-02  -2.1266e-01  -1.1683e-01  -1.5811e-01   1.9066e-01   6.9098e-02  -2.2292e-01   3.4980e-02   2.0659e-01   1.3143e-01  -1.4522e-01   1.9924e-01  -5.2200e-02  -2.2361e-01   5.2200e-02  -1.9924e-01  -1.4522e-01   1.3143e-01   2.0659e-01  -3.4980e-02   2.2292e-01  -6.9098e-02  -1.9066e-01  -1.5811e-01   1.1683e-01  -2.1266e-01  -1.7544e-02   2.2085e-01  -8.5571e-02  -1.8090e-01  -1.7003e-01   1.0152e-01  -2.1743e-01
   2.1266e-01   1.3143e-01  -1.3143e-01   2.1266e-01  -6.3980e-10  -2.1266e-01  -1.3143e-01  -1.3143e-01  -2.1266e-01   1.1398e-09   2.1266e-01  -1.3143e-01  -1.3143e-01   2.1266e-01   1.9856e-10   2.1266e-01   1.3143e-01   1.3143e-01   2.1266e-01   1.6680e-09   2.1266e-01   1.3143e-01  -1.3143e-01  -2.1266e-01  -5.5771e-09   2.1266e-01  -1.3143e-01  -1.3143e-01   2.1266e-01  -4.3144e-10  -2.1266e-01   1.3143e-01   1.3143e-01  -2.1266e-01   5.6980e-09   2.1266e-01   1.3143e-01  -1.3143e-01   2.1266e-01
   2.0659e-01   1.5811e-01  -8.5571e-02   2.2361e-01   8.5571e-02  -1.5811e-01  -2.0659e-01   5.9262e-09  -2.0659e-01   1.5811e-01   8.5571e-02  -2.2361e-01   8.5571e-02   1.5811e-01  -2.0659e-01  -2.4812e-11   2.0659e-01  -1.5811e-01   8.5571e-02   2.2361e-01  -8.5571e-02   1.5811e-01   2.0659e-01  -9.3880e-10  -2.0659e-01  -1.5811e-01  -8.5571e-02   2.2361e-01  -8.5571e-02   1.5811e-01   2.0659e-01   3.3809e-09  -2.0659e-01   1.5811e-01   8.5571e-02  -2.2361e-01  -8.5571e-02   1.5811e-01  -2.0659e-01
   1.9924e-01   1.8090e-01  -3.4980e-02   2.1266e-01   1.5811e-01  -6.9098e-02  -2.2085e-01   1.3143e-01  -1.0152e-01   2.2361e-01  -1.0152e-01  -1.3143e-01   2.2085e-01  -6.9098e-02  -1.5811e-01  -2.1266e-01  -3.4980e-02  -1.8090e-01  -1.9924e-01  -1.1931e-09  -1.9924e-01  -1.8090e-01   3.4980e-02   2.1266e-01   1.5811e-01  -6.9098e-02   2.2085e-01  -1.3143e-01  -1.0152e-01  -2.2361e-01  -1.0152e-01  -1.3143e-01   2.2085e-01  -6.9098e-02  -1.5811e-01   2.1266e-01   3.4980e-02  -1.8090e-01   1.9924e-01
   1.9066e-01   1.9924e-01   1.7544e-02   1.8090e-01   2.0659e-01   3.4980e-02  -1.7003e-01   2.1266e-01   5.2200e-02   1.5811e-01  -2.1743e-01   6.9098e-02   1.4522e-01  -2.2085e-01   8.5571e-02  -1.3143e-01  -2.2292e-01   1.0152e-01  -1.1683e-01  -2.2361e-01   1.1683e-01  -1.0152e-01  -2.2292e-01  -1.3143e-01   8.5571e-02   2.2085e-01  -1.4522e-01  -6.9098e-02   2.1743e-01   1.5811e-01  -5.2200e-02   2.1266e-01  -1.7003e-01  -3.4980e-02   2.0659e-01  -1.8090e-01   1.7544e-02   1.9924e-01  -1.9066e-01
   1.8090e-01   2.1266e-01   6.9098e-02   1.3143e-01   2.2361e-01   1.3143e-01  -6.9098e-02   2.1266e-01   1.8090e-01  -5.4931e-09  -1.8090e-01   2.1266e-01  -6.9098e-02  -1.3143e-01   2.2361e-01   1.3143e-01  -6.9098e-02   2.1266e-01   1.8090e-01   2.0698e-09   1.8090e-01   2.1266e-01   6.9098e-02  -1.3143e-01  -2.2361e-01  -1.3143e-01  -6.9098e-02   2.1266e-01  -1.8090e-01  -1.2478e-09   1.8090e-01  -2.1266e-01   6.9098e-02   1.3143e-01  -2.2361e-01   1.3143e-01  -6.9098e-02  -2.1266e-01   1.8090e-01
   1.7003e-01   2.2085e-01   1.1683e-01   6.9098e-02   2.0659e-01   1.9924e-01   5.2200e-02   1.3143e-01   2.2292e-01  -1.5811e-01  -1.7544e-02   1.8090e-01  -2.1743e-01   1.0152e-01   8.5571e-02   2.1266e-01   1.9066e-01  -3.4980e-02   1.4522e-01   2.2361e-01  -1.4522e-01   3.4980e-02   1.9066e-01   2.1266e-01   8.5571e-02  -1.0152e-01   2.1743e-01  -1.8090e-01   1.7544e-02  -1.5811e-01  -2.2292e-01   1.3143e-01   5.2200e-02  -1.9924e-01   2.0659e-01  -6.9098e-02   1.1683e-01   2.2085e-01  -1.7003e-01
   1.5811e-01   2.2361e-01   1.5811e-01   1.7107e-10   1.5811e-01   2.2361e-01   1.5811e-01   7.1625e-10   1.5811e-01  -2.2361e-01   1.5811e-01  -8.6519e-10  -1.5811e-01   2.2361e-01  -1.5811e-01  -4.6015e-09   1.5811e-01  -2.2361e-01  -1.5811e-01  -1.0561e-09  -1.5811e-01  -2.2361e-01  -1.5811e-01   4.5597e-10   1.5811e-01   2.2361e-01  -1.5811e-01  -9.7616e-10   1.5811e-01   2.2361e-01   1.5811e-01  -7.2724e-11  -1.5811e-01   2.2361e-01  -1.5811e-01   2.1771e-09  -1.5811e-01  -2.2361e-01   1.5811e-01
   1.4522e-01   2.2085e-01   1.9066e-01  -6.9098e-02   8.5571e-02   1.9924e-01   2.1743e-01  -1.3143e-01   1.7544e-02  -1.5811e-01   2.2292e-01  -1.8090e-01   5.2200e-02   1.0152e-01  -2.0659e-01  -2.1266e-01  -1.1683e-01  -3.4980e-02  -1.7003e-01  -2.2361e-01   1.7003e-01   3.4980e-02  -1.1683e-01  -2.1266e-01  -2.0659e-01  -1.0152e-01  -5.2200e-02   1.8090e-01  -2.2292e-01  -1.5811e-01  -1.7544e-02  -1.3143e-01   2.1743e-01  -1.9924e-01   8.5571e-02   6.9098e-02   1.9066e-01   2.2085e-01  -1.4522e-01
   1.3143e-01   2.1266e-01   2.1266e-01  -1.3143e-01  -2.5064e-10   1.3143e-01   2.1266e-01  -2.1266e-01  -1.3143e-01   5.2042e-09   1.3143e-01  -2.1266e-01   2.1266e-01  -1.3143e-01  -1.2640e-10  -1.3143e-01  -2.1266e-01   2.1266e-01   1.3143e-01   8.6039e-10   1.3143e-01   2.1266e-01   2.1266e-01   1.3143e-01   3.0139e-09  -1.3143e-01   2.1266e-01  -2.1266e-01   1.3143e-01  -1.0879e-09  -1.3143e-01   2.1266e-01  -2.1266e-01   1.3143e-01   4.3158e-09  -1.3143e-01  -2.1266e-01  -2.1266e-01   1.3143e-01
   1.1683e-01   1.9924e-01   2.2292e-01  -1.8090e-01  -8.5571e-02   3.4980e-02   1.4522e-01  -2.1266e-01  -2.1743e-01   1.5811e-01  -5.2200e-02  -6.9098e-02   1.7003e-01  -2.2085e-01   2.0659e-01   1.3143e-01   1.7544e-02   1.0152e-01   1.9066e-01   2.2361e-01  -1.9066e-01  -1.0152e-01   1.7544e-02   1.3143e-01   2.0659e-01   2.2085e-01  -1.7003e-01   6.9098e-02   5.2200e-02   1.5811e-01   2.1743e-01  -2.1266e-01   1.4522e-01  -3.4980e-02  -8.5571e-02   1.8090e-01   2.2292e-01   1.9924e-01  -1.1683e-01
   1.0152e-01   1.8090e-01   2.2085e-01  -2.1266e-01  -1.5811e-01  -6.9098e-02   3.4980e-02  -1.3143e-01  -1.9924e-01   2.2361e-01  -1.9924e-01   1.3143e-01  -3.4980e-02  -6.9098e-02   1.5811e-01   2.1266e-01   2.2085e-01  -1.8090e-01  -1.0152e-01  -1.6153e-09  -1.0152e-01  -1.8090e-01  -2.2085e-01  -2.1266e-01  -1.5811e-01  -6.9098e-02  -3.4980e-02   1.3143e-01  -1.9924e-01  -2.2361e-01  -1.9924e-01   1.3143e-01  -3.4980e-02  -6.9098e-02   1.5811e-01  -2.1266e-01  -2.2085e-01  -1.8090e-01   1.0152e-01
   8.5571e-02   1.5811e-01   2.0659e-01  -2.2361e-01  -2.0659e-01  -1.5811e-01  -8.5571e-02   5.7924e-09  -8.5571e-02   1.5811e-01  -2.0659e-01   2.2361e-01  -2.0659e-01   1.5811e-01  -8.5571e-02  -1.0930e-09   8.5571e-02  -1.5811e-01  -2.0659e-01  -2.2361e-01   2.0659e-01   1.5811e-01   8.5571e-02  -1.9440e-10  -8.5571e-02  -1.5811e-01   2.0659e-01  -2.2361e-01   2.0659e-01   1.5811e-01   8.5571e-02  -3.4134e-09  -8.5571e-02   1.5811e-01  -2.0659e-01   2.2361e-01   2.0659e-01   1.5811e-01  -8.5571e-02
   6.9098e-02   1.3143e-01   1.8090e-01  -2.1266e-01  -2.2361e-01  -2.1266e-01  -1.8090e-01   1.3143e-01   6.9098e-02  -8.4651e-10  -6.9098e-02   1.3143e-01  -1.8090e-01   2.1266e-01  -2.2361e-01  -2.1266e-01  -1.8090e-01   1.3143e-01   6.9098e-02  -1.8323e-10   6.9098e-02   1.3143e-01   1.8090e-01   2.1266e-01   2.2361e-01   2.1266e-01  -1.8090e-01   1.3143e-01  -6.9098e-02  -9.6660e-10   6.9098e-02  -1.3143e-01   1.8090e-01  -2.1266e-01   2.2361e-01  -2.1266e-01  -1.8090e-01  -1.3143e-01   6.9098e-02
   5.2200e-02   1.0152e-01   1.4522e-01  -1.8090e-01  -2.0659e-01  -2.2085e-01  -2.2292e-01   2.1266e-01   1.9066e-01  -1.5811e-01   1.1683e-01  -6.9098e-02   1.7544e-02   3.4980e-02  -8.5571e-02  -1.3143e-01  -1.7003e-01   1.9924e-01   2.1743e-01   2.2361e-01  -2.1743e-01  -1.9924e-01  -1.7003e-01  -1.3143e-01  -8.5571e-02  -3.4980e-02  -1.7544e-02   6.9098e-02  -1.1683e-01  -1.5811e-01  -1.9066e-01   2.1266e-01  -2.2292e-01   2.2085e-01  -2.0659e-01   1.8090e-01   1.4522e-01   1.0152e-01  -5.2200e-02
   3.4980e-02   6.9098e-02   1.0152e-01  -1.3143e-01  -1.5811e-01  -1.8090e-01  -1.9924e-01   2.1266e-01   2.2085e-01  -2.2361e-01   2.2085e-01  -2.1266e-01   1.9924e-01  -1.8090e-01   1.5811e-01   1.3143e-01   1.0152e-01  -6.9098e-02  -3.4980e-02  -1.0351e-09  -3.4980e-02  -6.9098e-02  -1.0152e-01  -1.3143e-01  -1.5811e-01  -1.8090e-01   1.9924e-01  -2.1266e-01   2.2085e-01   2.2361e-01   2.2085e-01  -2.1266e-01   1.9924e-01  -1.8090e-01   1.5811e-01  -1.3143e-01  -1.0152e-01  -6.9098e-02   3.4980e-02
   1.7544e-02   3.4980e-02   5.2200e-02  -6.9098e-02  -8.5571e-02  -1.0152e-01  -1.1683e-01   1.3143e-01   1.4522e-01  -1.5811e-01   1.7003e-01  -1.8090e-01   1.9066e-01  -1.9924e-01   2.0659e-01   2.1266e-01   2.1743e-01  -2.2085e-01  -2.2292e-01  -2.2361e-01   2.2292e-01   2.2085e-01   2.1743e-01   2.1266e-01   2.0659e-01   1.9924e-01  -1.9066e-01   1.8090e-01  -1.7003e-01  -1.5811e-01  -1.4522e-01   1.3143e-01  -1.1683e-01   1.0152e-01  -8.5571e-02   6.9098e-02   5.2200e-02   3.4980e-02  -1.7544e-02
