n = 10
rmax = 1
Use time 0.015625 seconds.
Eigenvalues: 
   9.7887e+00
   3.8197e+01
   8.2443e+01
   1.3820e+02
   2.0000e+02
   2.6180e+02
   3.1756e+02
   3.6180e+02
   3.9021e+02
Eigenvectors: 
   1.3820e-01   2.6287e-01   3.6180e-01  -4.2533e-01   4.4721e-01   4.2533e-01   3.6180e-01  -2.6287e-01   1.3820e-01
   2.6287e-01   4.2533e-01   4.2533e-01  -2.6287e-01   7.3034e-17  -2.6287e-01  -4.2533e-01   4.2533e-01  -2.6287e-01
   3.6180e-01   4.2533e-01   1.3820e-01   2.6287e-01  -4.4721e-01  -2.6287e-01   1.3820e-01  -4.2533e-01   3.6180e-01
   4.2533e-01   2.6287e-01  -2.6287e-01   4.2533e-01   2.5471e-16   4.2533e-01   2.6287e-01   2.6287e-01  -4.2533e-01
   4.4721e-01   8.7378e-17  -4.4721e-01  -3.8241e-16   4.4721e-01  -1.1398e-16  -4.4721e-01  -3.7470e-16   4.4721e-01
   4.2533e-01  -2.6287e-01  -2.6287e-01  -4.2533e-01  -7.0065e-17  -4.2533e-01   2.6287e-01  -2.6287e-01  -4.2533e-01
   3.6180e-01  -4.2533e-01   1.3820e-01  -2.6287e-01  -4.4721e-01   2.6287e-01   1.3820e-01   4.2533e-01   3.6180e-01
   2.6287e-01  -4.2533e-01   4.2533e-01   2.6287e-01   8.2162e-17   2.6287e-01  -4.2533e-01  -4.2533e-01  -2.6287e-01
   1.3820e-01  -2.6287e-01   3.6180e-01   4.2533e-01   4.4721e-01  -4.2533e-01   3.6180e-01   2.6287e-01   1.3820e-01
